176.0
4 / 4
Note/Rest,Octave,Len,Offset
B, 3, 0.5, 12.6666666667
A, 5, 0.25, 15.0
F, 4, 3.25, 16.0
G, 4, 2/3, 20.6666666667
F, 4, 1.25, 24.0
B-, 5, 1.25, 25.5
B, 3, 2.25, 28.6666666667
B-, 5, 0.25, 31.0
C, 4, 11/3, 31.5
C, 5, 0.25, 36.6666666667
F, 5, 0.5, 37.0
F, 5, 0.25, 37.6666666667
G, 5, 0.5, 38.0
G, 5, 0.25, 38.5
A, 5, 1/3, 38.75
A, 5, 0.25, 39.75
B-, 5, 4/3, 40.25
D, 6, 2.5, 41.6666666667
D, 6, 1/3, 45.6666666667
C, 6, 0.25, 46.0
D, 6, 0.25, 46.25
F, 5, 0.0, 46.6666666667
B-, 5, 1/3, 47.0
C, 6, 0.75, 48.0
F, 5, 0.5, 49.0
C, 5, 0.25, 49.6666666667
B-, 4, 2/3, 50.0
G#, 4, 0.25, 50.6666666667
A, 4, 1/3, 51.0
D, 4, 0.25, 51.5
F, 4, 1.5, 52.0
D, 5, 0.0, 54.6666666667
F, 5, 1/3, 55.0
A, 5, 1.75, 56.0
D, 5, 0.5, 58.0
F, 5, 0.0, 58.6666666667
A, 5, 1/3, 59.0
A, 5, 0.5, 60.0
F, 5, 0.25, 60.6666666667
D, 5, 0.25, 61.0
D, 5, 2/3, 62.0
F, 5, 0.0, 62.75
A, 5, 0.5, 63.0
G, 5, 0.333333333333, 63.6666666667
A, 5, 0.25, 64.0
G, 5, 0.25, 64.25
C, 5, 0.25, 64.6666666667
B, 4, 2/3, 65.0
B-, 4, 5/3, 66.0
B, 3, 0.75, 68.5
B-, 3, 1.25, 70.0
C, 4, 1.0, 73.6666666667
E, 3, 5/3, 76.0
E-, 5, 0.0, 81.0
E, 5, 0.25, 81.25
E-, 6, 0.25, 81.5
C#, 6, 1/3, 81.75
E, 5, 0.25, 82.3333333333
C#, 5, 0.25, 82.75
C, 5, 0.0, 83.0
B, 4, 0.25, 83.25
B-, 4, 0.25, 83.5
G, 4, 0.0, 83.75
C, 3, 2.0, 83.75
E-, 5, 0.5, 87.0
D, 4, 3.75, 87.5
C#, 5, 0.25, 91.6666666667
D, 5, 0.25, 92.0
C, 5, 0.5, 96.0
B-, 4, 1/3, 97.0
A, 4, 0.25, 98.0
F, 4, 0.25, 98.25
C, 4, 0.25, 98.6666666667
B-, 3, 0.25, 99.0
G, 3, 0.25, 99.25
G#, 3, 0.25, 99.5
A, 3, 0.75, 100.0
F, 4, 0.25, 101.666666667
G, 4, 0.5, 102.0
G, 4, 1/3, 102.666666667
A, 4, 0.25, 103.0
B-, 4, 0.5, 104.0
D, 5, 3.0, 105.666666667
D, 5, 0.25, 109.666666667
C, 5, 1.5, 110.0
A, 4, 0.5, 112.0
F, 5, 0.25, 113.0
C#, 3, 0.0, 113.75
E, 4, 0.0, 114.0
A, 5, 0.5, 114.0
E, 5, 0.0, 114.666666667
G, 5, 1.0, 115.0
D, 5, 1/3, 116.0
D, 4, 1/3, 116.666666667
D, 4, 1.5, 117.0
D, 5, 0.25, 119.75
F, 5, 1/3, 120.0
G, 2, 3.0, 121.0
G#, 4, 0.25, 124.0
B, 2, 0.25, 124.5
C, 3, 0.25, 124.75
G, 4, 0.0, 126.333333333
F, 4, 0.25, 126.5
B-, 3, 0.5, 127.0
G#, 3, 0.0, 127.666666667
A, 3, 1.0, 128.0
C, 4, 5/3, 130.0
F, 3, 2.75, 132.0
D, 5, 0.5, 135.0
C, 5, 0.0, 135.75
E-, 3, 0.333333333333, 135.75
F, 4, 0.0, 136.75
C, 5, 2/3, 137.0
F, 4, 0.5, 138.0
C, 4, 0.25, 138.75
D, 4, 0.25, 139.0
F, 4, 0.0, 139.333333333
G, 4, 0.25, 139.75
G#, 4, 0.0, 140.0
D, 5, 0.25, 140.25
G#, 4, 0.0, 140.5
F, 4, 0.25, 140.666666667
G, 4, 0.5, 141.0
E, 4, 0.0, 141.666666667
F, 4, 0.5, 142.0
D, 4, 0.25, 142.666666667
A, 3, 2/3, 143.0
F, 3, 0.25, 143.666666667
G, 3, 0.25, 144.0
G#, 3, 1/3, 144.25
F, 3, 0.25, 144.666666667
G, 3, 0.75, 145.0
F, 3, 1.0, 146.0
E-, 5, 0.0, 151.0
D, 5, 0.0, 151.333333333
A, 3, 0.75, 152.0
E-, 5, 0.5, 153.0
C#, 5, 0.0, 153.75
B-, 2, 0.333333333333, 154.666666667
G, 4, 1/3, 155.0
D, 5, 0.25, 156.0
G#, 4, 0.25, 156.333333333
F, 4, 0.25, 156.666666667
G, 4, 2/3, 157.0
F, 4, 0.0, 157.75
G#, 4, 2/3, 158.0
F, 4, 0.25, 158.75
D, 5, 1/3, 159.0
C, 3, 0.25, 159.666666667
D, 5, 0.25, 160.0
B, 4, 0.25, 160.25
G#, 4, 0.0, 160.5
F, 4, 0.25, 160.666666667
D, 5, 1/3, 161.0
G#, 4, 0.25, 161.666666667
C, 5, 0.25, 162.0
F, 4, 0.25, 162.333333333
F, 4, 0.25, 163.0
F, 3, 0.25, 163.333333333
G#, 3, 0.0, 163.666666667
A, 3, 0.666666666667, 164.0
F#, 2, 0.25, 164.666666667
E, 3, 1.0, 165.0
C, 6, 0.0, 167.0
G#, 5, 0.25, 167.25
F, 5, 0.25, 167.5
E-, 5, 0.25, 167.75
D, 5, 0.25, 168.0
C, 5, 0.0, 168.25
B-, 4, 0.25, 168.5
G#, 4, 0.0, 168.75
F, 4, 0.0, 169.0
E-, 4, 0.0, 169.25
D, 4, 0.0, 169.5
C, 4, 0.25, 169.75
G, 4, 0.25, 170.0
E, 4, 0.25, 170.25
F, 4, 0.25, 170.5
G, 4, 0.25, 170.75
G#, 4, 0.25, 171.0
B-, 4, 0.0, 171.333333333
B, 4, 0.25, 171.5
C#, 5, 0.0, 172.0
D, 5, 0.0, 172.25
E-, 5, 0.0, 172.5
E, 5, 0.25, 172.75
G, 5, 0.25, 173.0
F, 5, 0.25, 173.25
D, 5, 0.25, 173.5
G#, 4, 1/3, 174.0
B, 4, 0.25, 174.5
G#, 4, 0.0, 174.75
D, 5, 1/3, 175.0
G#, 4, 0.0, 175.5
F, 4, 0.25, 175.75
C, 5, 1/3, 176.0
F, 4, 0.0, 177.0
A, 4, 0.25, 177.333333333
C, 5, 0.25, 177.666666667
A, 4, 0.25, 178.0
A, 3, 0.25, 179.666666667
D, 4, 0.5, 180.0
F#, 3, 0.0, 180.666666667
F#, 3, 1.25, 180.75
C, 5, 0.25, 182.0
D, 5, 0.25, 182.333333333
F#, 3, 2/3, 182.75
F, 5, 0.5, 184.0
A, 4, 0.25, 184.666666667
D, 5, 0.25, 185.0
F, 5, 0.25, 185.25
A, 5, 1/3, 185.666666667
E, 5, 0.5, 186.0
C, 4, 0.25, 186.666666667
G, 5, 2/3, 187.0
E, 5, 0.25, 187.666666667
F, 5, 0.5, 188.0
A, 4, 0.25, 188.666666667
C, 5, 0.25, 189.0
D, 5, 0.25, 189.25
A, 4, 0.25, 189.666666667
B, 4, 0.5, 190.0
F, 3, 0.5, 190.666666667
E-, 5, 0.25, 191.666666667
E, 5, 0.5, 192.0
D, 6, 0.25, 192.666666667
B-, 5, 0.0, 193.0
D, 6, 0.25, 193.25
D, 5, 0.25, 193.666666667
G#, 5, 1/3, 194.75
C, 5, 0.25, 196.75
D, 5, 0.25, 197.0
F, 5, 0.0, 197.5
G, 5, 0.25, 197.666666667
G#, 5, 0.25, 198.0
D, 6, 0.25, 198.25
F, 5, 0.25, 198.666666667
E, 4, 0.25, 199.5
E, 5, 0.0, 199.75
G, 5, 0.25, 200.25
C, 5, 0.25, 200.666666667
A, 4, 0.25, 201.333333333
A, 4, 0.25, 202.0
A, 4, 0.25, 203.25
A, 4, 0.25, 204.0
F, 5, 0.25, 204.333333333
A, 4, 0.25, 204.666666667
A, 4, 0.25, 205.333333333
A, 4, 0.25, 206.0
A, 4, 0.25, 206.666666667
D, 2, 0.25, 207.5
A, 4, 0.25, 208.0
F, 5, 0.25, 208.25
F, 4, 0.25, 208.666666667
G, 4, 0.5, 209.0
E, 4, 0.0, 209.75
F, 4, 2/3, 210.0
B-, 3, 2.25, 212.0
A, 3, 0.75, 214.666666667
C, 6, 0.0, 215.666666667
D, 6, 0.25, 216.0
C#, 6, 0.25, 216.25
C, 6, 0.0, 216.5
B-, 5, 0.0, 216.75
G, 5, 0.25, 217.0
F, 5, 0.25, 217.25
E-, 5, 0.25, 217.5
C#, 5, 0.25, 217.75
C, 5, 0.0, 218.0
B-, 4, 0.0, 218.25
G, 4, 0.25, 218.5
F, 4, 0.0, 218.75
E-, 4, 0.25, 219.0
C#, 4, 0.0, 219.25
B-, 3, 0.25, 219.666666667
G, 3, 0.25, 220.0
F, 3, 0.0, 220.25
F, 2, 0.0, 220.5
D, 4, 0.25, 220.5
B, 3, 0.25, 220.75
G#, 3, 0.0, 221.0
F, 3, 0.0, 221.25
F, 4, 0.25, 221.5
D, 4, 0.0, 221.75
C, 4, 0.25, 222.0
G#, 4, 0.25, 222.5
F, 3, 0.0, 222.75
F, 4, 0.25, 222.75
D, 4, 0.25, 223.0
D, 5, 0.25, 223.5
B, 4, 0.25, 223.75
C, 5, 0.25, 224.25
B-, 4, 0.25, 225.0
C, 5, 1/3, 225.333333333
G#, 4, 0.25, 225.666666667
F, 4, 0.25, 226.333333333
F, 3, 0.25, 227.333333333
A, 3, 0.75, 228.0
E, 3, 1.0, 229.0
A, 3, 5/3, 230.0
G#, 3, 2.5, 231.666666667
F, 4, 0.25, 234.666666667
G, 4, 1/3, 235.0
G, 4, 0.25, 236.0
D, 5, 0.25, 236.25
G, 4, 0.25, 236.5
F, 4, 0.0, 236.75
D, 5, 0.5, 237.0
D, 4, 0.25, 237.666666667
F, 4, 1/3, 238.0
B, 2, 0.5, 238.666666667
B, 4, 0.25, 239.666666667
C, 5, 0.5, 240.0
F, 4, 0.25, 241.0
A, 4, 0.25, 241.25
C, 5, 0.25, 241.666666667
A, 4, 2/3, 242.0
G, 4, 1/3, 243.0
F, 4, 2/3, 244.0
C#, 3, 0.0, 244.666666667
D, 3, 1.5, 245.0
C#, 3, 0.25, 246.5
D, 5, 0.25, 247.666666667
F, 5, 0.5, 248.0
G#, 4, 0.5, 249.333333333
D, 4, 0.5, 250.0
F#, 2, 0.0, 250.666666667
G, 2, 0.25, 250.666666667
G, 4, 0.25, 251.0
G, 2, 1.5, 251.25
F, 4, 0.25, 252.75
D, 5, 1/3, 253.0
A, 4, 0.25, 253.666666667
C, 5, 1/3, 254.0
F, 4, 0.25, 254.5
G#, 3, 0.25, 255.666666667
A, 3, 0.75, 256.0
C, 4, 1.75, 258.0
G#, 3, 0.0, 260.0
D, 4, 1.25, 261.666666667
G, 4, 2/3, 268.666666667
A, 5, 0.25, 271.0
B-, 4, 0.25, 277.0
F#, 2, 2.0, 277.666666667
G, 3, 2/3, 281.75
G#, 3, 0.5, 286.0
F, 3, 0.5, 286.75
C, 3, 1.75, 288.0
A, 2, 0.5, 291.5
F, 2, 1.75, 294.666666667
E-, 3, 0.25, 296.666666667
D, 3, 0.25, 297.25
D, 4, 0.25, 297.5
C, 4, 0.25, 298.0
E, 3, 0.25, 298.25
F, 3, 1/3, 298.5
B-, 3, 0.25, 299.0
B, 1, 3.5, 299.5
G, 4, 0.25, 303.0
F, 4, 0.25, 303.25
D, 4, 0.25, 303.5
C, 4, 0.25, 303.75
C, 5, 0.25, 304.0
A, 4, 0.25, 304.25
G, 4, 0.25, 304.5
F, 4, 0.25, 304.75
F, 5, 0.25, 305.0
D, 5, 0.25, 305.25
C, 5, 0.25, 305.5
A, 4, 0.0, 305.75
A, 5, 0.25, 306.0
E, 5, 0.25, 306.25
C#, 5, 0.25, 306.5
A, 4, 0.0, 306.75
C, 6, 0.25, 307.0
A, 5, 0.25, 307.25
E, 5, 0.25, 307.5
E, 6, 0.25, 308.0
C, 6, 0.25, 308.25
E, 5, 0.25, 308.75
G, 6, 0.25, 309.0
E, 6, 0.25, 309.25
C, 6, 0.25, 309.5
F, 6, 0.333333333333, 310.0
C, 6, 0.25, 310.5
A, 5, 0.25, 311.0
F#, 5, 0.25, 311.25
F, 5, 0.0, 311.5
E-, 5, 0.25, 311.666666667
C#, 5, 0.25, 312.0
D, 5, 0.25, 312.25
A, 5, 0.25, 312.5
D, 5, 0.0, 313.25
C#, 5, 0.25, 313.5
D, 5, 0.25, 314.0
A, 4, 0.25, 314.25
A, 4, 0.25, 314.666666667
B-, 4, 0.25, 315.0
B, 4, 0.25, 315.25
G, 5, 0.25, 315.5
B-, 4, 0.25, 316.0
A, 4, 0.25, 316.25
F, 5, 0.25, 316.5
G#, 4, 0.25, 317.0
G, 4, 0.25, 317.25
F#, 4, 0.25, 318.0
F, 4, 0.25, 318.25
E, 5, 0.25, 318.5
C#, 5, 0.25, 318.75
A, 4, 0.25, 319.0
F, 4, 0.25, 319.25
E-, 4, 0.25, 319.5
C#, 4, 0.25, 319.75
E, 4, 0.25, 320.0
F#, 4, 0.25, 320.25
G#, 4, 0.25, 320.5
B-, 4, 0.0, 320.75
B, 4, 0.25, 321.0
C#, 5, 0.0, 321.333333333
E-, 5, 0.0, 321.5
F, 5, 0.25, 321.75
F#, 5, 0.25, 322.0
G#, 5, 0.25, 322.25
C, 6, 0.25, 322.5
G#, 5, 0.25, 322.75
E, 5, 0.25, 323.25
F#, 5, 0.25, 323.666666667
G#, 5, 0.25, 324.0
E, 5, 0.0, 324.333333333
C, 5, 0.25, 324.5
F#, 5, 0.25, 324.75
D, 5, 0.25, 325.0
B-, 4, 0.0, 325.333333333
E, 5, 0.25, 325.5
C, 5, 0.25, 325.75
G#, 4, 0.0, 326.0
D, 5, 0.25, 326.25
F#, 4, 0.0, 326.75
F, 4, 0.0, 326.75
B-, 4, 0.25, 327.5
G#, 4, 0.25, 327.75
A, 4, 0.25, 328.0
F, 4, 0.25, 328.25
C, 4, 0.25, 328.666666667
B-, 3, 0.25, 329.0
G, 3, 0.25, 329.25
G#, 3, 0.25, 329.666666667
A, 3, 0.25, 330.0
C, 4, 0.25, 330.333333333
F, 4, 0.25, 330.666666667
A, 4, 0.25, 331.0
C, 4, 0.0, 331.75
A, 4, 0.25, 332.0
F, 4, 0.25, 332.333333333
C, 4, 0.25, 332.75
G#, 3, 0.0, 333.75
A, 4, 0.25, 334.333333333
G, 3, 1/3, 334.75
F, 4, 1.25, 335.75
D, 2, 1.0, 337.0
E, 3, 1.25, 338.0
C, 2, 5/3, 340.0
G#, 6, 0.25, 341.75
F, 6, 0.25, 342.0
E-, 6, 0.25, 342.333333333
C, 6, 0.25, 342.666666667
F, 5, 0.25, 343.333333333
D, 3, 1.5, 343.666666667
F, 5, 0.25, 345.333333333
E-, 5, 0.25, 345.666666667
C#, 5, 0.25, 346.0
D, 5, 0.25, 346.333333333
G#, 3, 0.0, 346.666666667
G, 5, 1/3, 347.0
G, 5, 0.25, 347.75
G#, 5, 0.25, 348.0
A, 5, 0.25, 348.25
F, 5, 0.25, 348.5
D, 5, 0.25, 348.75
B, 4, 0.5, 349.0
G#, 4, 0.0, 349.75
E, 5, 0.5, 350.0
D, 5, 0.5, 351.0
D, 5, 0.25, 352.0
C, 5, 0.25, 352.25
G, 4, 0.25, 352.5
D, 4, 0.5, 353.0
F, 4, 0.25, 353.666666667
G, 4, 0.25, 354.25
D, 4, 0.25, 354.5
B, 3, 0.25, 354.75
F, 4, 0.5, 355.0
F, 3, 0.25, 355.75
A, 3, 1.0, 356.0
E, 3, 1.0, 357.0
C, 6, 0.0, 359.5
B-, 5, 0.25, 360.0
F, 5, 0.25, 360.25
E-, 6, 0.25, 360.666666667
C, 6, 0.0, 361.0
B, 5, 0.0, 361.25
B-, 5, 0.25, 361.25
G#, 5, 0.25, 361.666666667
E-, 6, 0.25, 362.25
C, 6, 0.0, 362.5
B, 5, 0.0, 362.666666667
B-, 5, 0.25, 362.75
G#, 5, 0.25, 363.0
F, 5, 0.0, 363.25
G, 6, 0.0, 363.5
D, 6, 0.25, 363.5
D, 6, 0.0, 364.0
C#, 6, 0.25, 364.0
G#, 5, 0.0, 364.333333333
G, 5, 0.0, 364.333333333
G#, 5, 0.25, 365.0
F, 5, 0.25, 365.333333333
G#, 5, 0.25, 365.75
D, 6, 0.25, 366.0
B, 5, 0.25, 366.25
G#, 5, 0.0, 366.5
F, 5, 0.25, 366.75
D, 5, 0.25, 367.0
G, 5, 0.25, 367.5
E, 5, 0.25, 367.75
F, 5, 0.0, 368.0
C#, 5, 0.25, 368.0
D, 5, 0.0, 368.333333333
F, 5, 0.25, 368.666666667
C, 6, 0.25, 369.0
A, 5, 0.25, 369.25
F, 5, 0.25, 369.5
E-, 6, 0.0, 370.0
D, 6, 0.25, 370.25
C, 6, 0.0, 370.5
B-, 5, 0.25, 370.75
G, 5, 0.25, 371.0
F, 5, 0.25, 371.333333333
C#, 5, 0.25, 371.75
D, 5, 0.25, 372.0
F, 5, 0.25, 372.333333333
F, 5, 0.25, 373.333333333
C#, 6, 0.25, 373.666666667
E, 6, 0.25, 374.0
D, 6, 0.25, 374.5
F, 5, 0.25, 375.0
D, 5, 0.25, 375.333333333
A, 5, 1.25, 376.0
G, 5, 0.25, 377.25
E, 5, 0.25, 377.5
D, 5, 0.25, 377.75
C#, 5, 0.5, 378.0
D, 3, 0.75, 378.666666667
B, 4, 0.25, 379.75
C, 5, 2/3, 380.0
A, 4, 0.25, 380.75
B-, 4, 0.0, 381.0
D, 5, 0.25, 381.5
F, 5, 0.25, 381.75
B-, 5, 0.5, 383.0
B-, 5, 0.25, 384.0
G#, 5, 0.25, 384.25
F, 5, 0.25, 384.5
F, 5, 0.5, 385.0
F, 4, 0.25, 385.75
C, 5, 0.5, 386.0
D, 4, 0.25, 386.75
F, 4, 0.75, 387.0
B, 2, 0.0, 387.75
C, 3, 1.0, 388.0
E, 2, 0.0, 389.666666667
F, 2, 1.75, 389.75
G, 5, 0.25, 393.0
G#, 5, 0.5, 393.333333333
D, 6, 1/3, 397.0
G#, 5, 2/3, 398.0
F, 5, 0.0, 398.75
G, 5, 1/3, 399.0
D, 6, 1/3, 399.75
G, 5, 0.25, 400.333333333
F, 5, 0.25, 400.666666667
G, 5, 1/3, 401.0
F, 5, 1.5, 402.0
C, 3, 2.25, 404.0
F, 6, 0.0, 406.333333333
A, 3, 0.25, 406.333333333
D, 6, 0.0, 406.75
C, 6, 0.25, 407.0
B-, 5, 0.0, 407.333333333
F, 5, 0.0, 407.75
E-, 5, 0.25, 408.0
D, 5, 0.25, 408.333333333
B-, 4, 0.25, 408.75
G, 4, 0.0, 409.0
F, 4, 0.25, 409.25
E-, 4, 0.0, 409.5
E, 3, 0.25, 409.5
D, 4, 0.0, 409.75
C, 4, 0.25, 410.0
B-, 3, 0.25, 410.25
G, 3, 0.25, 410.5
F, 3, 0.0, 410.75
D, 4, 0.25, 411.0
B, 3, 0.25, 411.25
G#, 3, 0.25, 411.5
F, 3, 0.0, 411.75
G, 3, 0.25, 411.75
F, 4, 0.25, 412.0
E, 4, 0.25, 412.25
B, 3, 0.25, 412.75
G#, 3, 0.25, 413.0
G, 4, 0.25, 413.5
E, 4, 0.25, 413.75
F, 4, 0.25, 414.0
G, 4, 0.25, 414.25
G#, 4, 0.25, 414.5
B-, 4, 0.25, 414.75
B, 4, 0.25, 415.0
C, 5, 0.25, 415.25
C#, 5, 0.25, 415.5
D, 5, 0.0, 415.75
E-, 5, 0.0, 416.0
E, 5, 0.25, 416.25
G, 5, 0.25, 416.5
A, 4, 0.25, 417.0
B-, 4, 0.0, 417.25
D, 5, 0.25, 417.5
C, 5, 0.0, 417.75
E, 4, 0.25, 418.0
F, 4, 0.0, 418.25
B-, 4, 0.25, 418.333333333
G, 4, 0.25, 419.0
F, 4, 0.25, 419.25
D, 4, 0.25, 419.5
C, 4, 0.25, 419.75
C, 3, 1.0, 420.0
C, 4, 0.0, 421.25
E-, 4, 0.0, 421.333333333
G, 4, 0.25, 421.5
B-, 4, 0.0, 421.75
B, 4, 0.0, 422.0
D, 5, 0.25, 422.0
E-, 5, 0.25, 422.25
D, 5, 1/3, 422.75
B-, 4, 0.25, 423.5
G#, 4, 0.25, 423.75
F, 5, 0.25, 424.25
F, 5, 0.5, 425.0
B-, 4, 0.0, 426.0
D, 5, 0.25, 426.25
F, 4, 0.25, 426.666666667
G, 4, 2/3, 427.0
G, 4, 0.25, 428.0
G#, 4, 1/3, 428.333333333
G, 4, 2/3, 429.0
F, 4, 1.0, 429.75
C, 3, 0.25, 430.75
C#, 4, 0.25, 431.333333333
E, 6, 0.0, 435.25
F#, 3, 1.5, 437.666666667
G, 5, 0.25, 439.333333333
D, 3, 0.25, 439.75
F, 3, 0.25, 440.0
G, 3, 0.75, 440.25
B-, 3, 0.25, 441.0
B, 3, 0.25, 441.25
A, 3, 0.25, 441.5
C, 4, 0.25, 441.75
C#, 4, 0.25, 442.0
D, 4, 0.25, 442.25
C, 4, 0.333333333333, 442.5
E, 4, 0.25, 443.0
C#, 5, 0.0, 443.25
E, 4, 0.25, 443.5
G, 4, 0.25, 443.75
G#, 4, 0.25, 444.0
F, 4, 0.0, 444.5
G, 4, 0.25, 444.5
C, 5, 0.333333333333, 445.0
C, 5, 0.0, 445.5
C, 5, 1/3, 445.75
D, 5, 0.0, 446.5
E, 5, 0.25, 446.5
F, 5, 0.25, 446.75
F#, 5, 0.25, 447.0
G, 6, 0.0, 447.333333333
E-, 6, 0.0, 447.333333333
G, 5, 0.25, 447.5
F, 5, 0.75, 449.0
B-, 4, 0.25, 450.75
E, 5, 0.25, 452.25
C, 4, 0.75, 453.0
C, 5, 0.25, 454.0
F, 5, 0.5, 454.25
F, 5, 0.25, 454.75
G, 4, 0.25, 455.0
A, 6, 0.25, 463.0
F, 6, 1.5, 464.0
F, 6, 0.5, 465.666666667
F, 6, 0.0, 467.25
E-, 6, 0.25, 467.25
D, 6, 0.25, 467.5
G, 5, 0.25, 468.333333333
G#, 5, 0.25, 468.666666667
A, 5, 0.25, 469.0
F, 5, 0.25, 469.333333333
C, 5, 0.25, 469.666666667
F, 5, 0.25, 470.0
F, 4, 0.25, 470.333333333
A, 3, 0.5, 470.666666667
F, 4, 1/3, 475.0
B, 2, 1/3, 475.666666667
A, 3, 8/3, 479.75
C, 5, 0.25, 482.666666667
B-, 4, 2/3, 483.0
G#, 4, 0.25, 483.75
A, 4, 1/3, 484.0
E, 3, 0.0, 484.666666667
F, 3, 4/3, 485.0
D, 3, 0.25, 486.5
F, 3, 0.25, 486.75
A, 5, 0.25, 487.0
B-, 2, 0.0, 487.666666667
B-, 5, 1/3, 488.0
D, 6, 1/3, 489.0
F, 6, 2/3, 490.0
D, 4, 0.25, 491.75
B, 2, 0.25, 492.0
D, 6, 0.0, 492.75
F, 6, 1/3, 493.0
G#, 6, 0.5, 494.0
A, 6, 0.5, 495.0
E, 4, 0.25, 495.666666667
A, 6, 0.25, 496.0
F, 6, 0.25, 496.333333333
C, 6, 0.25, 496.666666667
B-, 5, 0.5, 497.0
G#, 5, 0.0, 497.75
A, 5, 0.5, 498.0
A, 3, 0.25, 498.75
G, 5, 0.5, 499.0
E, 5, 0.0, 499.75
D, 3, 0.25, 499.75
F#, 5, 0.5, 500.0
E-, 6, 0.25, 500.75
C, 6, 0.5, 501.0
C#, 6, 0.25, 501.666666667
D, 6, 0.25, 502.0
D, 5, 0.25, 502.666666667
F, 5, 0.25, 503.0
G#, 5, 0.5, 504.0
F, 5, 0.25, 504.75
G#, 5, 2/3, 505.0
F, 5, 0.25, 506.0
G#, 5, 0.5, 508.0
F, 5, 0.0, 508.75
G#, 5, 2/3, 509.0
F, 5, 0.25, 510.0
G#, 5, 0.25, 510.25
C, 5, 0.25, 510.75
E, 5, 1/3, 511.0
G, 5, 1/3, 511.666666667
F, 5, 0.0, 512.0
G, 5, 0.25, 512.25
C, 5, 0.25, 512.666666667
B-, 4, 2/3, 513.0
G#, 4, 0.0, 513.75
A, 4, 1/3, 514.0
C, 5, 1/3, 517.0
F, 5, 0.5, 518.0
C, 5, 0.0, 518.75
G, 5, 0.25, 519.0
A, 5, 1/3, 520.0
A, 5, 0.5, 523.0
F, 5, 0.25, 523.75
A, 5, 1/3, 524.0
B-, 5, 1/3, 524.666666667
B, 5, 1/3, 525.25
C, 6, 1/3, 525.75
G#, 5, 0.0, 526.25
A, 5, 0.25, 526.5
G#, 5, 0.25, 527.0
A, 5, 1/3, 527.25
F, 5, 1/3, 527.75
F, 5, 0.0, 528.333333333
C, 5, 0.25, 528.666666667
B-, 4, 0.333333333333, 529.0
E, 4, 10/3, 31.5
C#, 6, 0.25, 41.5
C, 6, 0.25, 46.3333333333
G#, 5, 0.25, 48.0
A, 5, 0.5, 48.3333333333
E, 5, 0.0, 64.3333333333
G, 4, 0.0, 65.6666666667
A, 4, 1.0, 70.0
G, 5, 1/3, 71.0
C, 5, 1.25, 72.0
A, 5, 0.25, 77.6666666667
F, 4, 1.0, 80.0
E, 4, 1.75, 81.5
A, 4, 1.0, 86.0
C, 5, 1/3, 87.0
B-, 2, 11/3, 87.5
B, 2, 3.25, 92.6666666667
G, 3, 0.25, 100.0
E, 3, 0.0, 100.5
F, 3, 2.0, 100.666666667
F, 3, 0.25, 102.75
D, 5, 1.0, 110.25
F, 4, 0.0, 112.5
C, 5, 0.25, 112.666666667
A, 4, 0.5, 114.0
G, 4, 0.25, 115.0
F, 5, 0.75, 116.0
C, 5, 0.25, 118.0
D, 5, 0.25, 118.333333333
G, 4, 0.25, 121.0
G#, 4, 0.25, 121.333333333
D, 4, 0.5, 122.0
F, 4, 0.25, 122.666666667
G, 4, 0.333333333333, 123.0
G, 4, 0.25, 123.666666667
F, 4, 0.25, 124.666666667
B-, 2, 0.25, 128.666666667
F#, 3, 2.0, 130.0
B, 3, 7/3, 132.0
A, 3, 0.25, 135.75
F, 5, 0.5, 136.0
G#, 4, 0.25, 137.0
A, 4, 0.5, 137.5
D, 2, 0.0, 143.75
D, 3, 0.25, 145.666666667
C, 4, 0.25, 149.0
D, 4, 0.0, 149.25
E-, 4, 0.0, 149.5
F, 4, 0.25, 149.75
G, 4, 0.25, 150.0
B-, 4, 0.25, 150.25
C#, 5, 0.0, 150.5
D, 5, 0.0, 150.75
B-, 2, 1.0, 152.0
G#, 4, 0.25, 155.666666667
D, 5, 0.5, 157.0
D, 5, 0.5, 158.0
B, 2, 0.25, 158.75
B-, 4, 0.5, 159.0
A, 3, 0.25, 159.666666667
B-, 4, 0.5, 161.0
A, 4, 0.25, 162.0
B-, 3, 0.25, 163.0
G, 3, 0.25, 163.5
B-, 3, 0.75, 165.0
G#, 3, 0.5, 167.5
D, 3, 0.25, 170.666666667
F, 4, 0.25, 174.333333333
C, 4, 0.25, 176.666666667
F#, 4, 1/3, 180.0
C#, 5, 0.25, 182.0
F, 5, 0.25, 182.75
F, 5, 0.5, 183.0
D, 5, 0.0, 186.75
C, 5, 0.25, 189.333333333
E, 4, 1/3, 190.666666667
F, 5, 0.5, 191.0
F, 5, 0.25, 200.333333333
B, 2, 0.0, 202.5
B-, 4, 0.0, 204.333333333
F, 3, 0.0, 207.666666667
C, 5, 0.25, 208.25
C#, 3, 1.0, 210.666666667
C, 3, 2.5, 212.0
F, 6, 0.25, 214.5
F, 5, 0.25, 214.75
E-, 6, 0.25, 215.333333333
D, 4, 1/3, 215.75
C, 4, 0.0, 219.5
B, 3, 0.25, 222.0
E, 4, 0.25, 224.333333333
F, 4, 0.25, 224.666666667
G, 4, 0.0, 226.5
G, 3, 0.0, 227.333333333
F#, 2, 0.25, 228.666666667
B-, 3, 1.0, 229.0
E-, 3, 5/3, 230.0
D, 3, 3.25, 231.666666667
G#, 4, 0.25, 236.25
F, 4, 0.0, 236.5
G, 4, 2/3, 237.0
G#, 3, 1.25, 238.666666667
E, 4, 0.25, 242.666666667
D, 3, 0.25, 244.5
D, 2, 0.25, 245.666666667
C, 5, 0.25, 246.0
D, 5, 0.25, 246.333333333
B, 3, 0.0, 248.666666667
D, 5, 2/3, 249.0
F, 4, 0.25, 250.666666667
B-, 4, 0.5, 253.0
A, 4, 0.25, 254.25
C, 4, 0.25, 254.666666667
B-, 2, 0.25, 256.666666667
F#, 3, 5/3, 258.0
E, 5, 0.0, 264.25
D, 4, 1.5, 265.666666667
D, 4, 0.5, 268.666666667
G, 5, 0.75, 270.0
F, 4, 1.0, 271.666666667
E, 4, 4/3, 273.666666667
B, 4, 0.25, 275.0
B-, 3, 1.0, 275.666666667
E, 3, 1.0, 277.666666667
C, 4, 1.0, 279.666666667
B-, 4, 0.5, 282.0
B-, 3, 0.75, 282.666666667
D, 5, 0.25, 283.5
B, 3, 2/3, 285.5
E, 3, 0.0, 286.75
E, 4, 4/3, 288.0
D, 4, 1.25, 290.0
G, 5, 0.5, 293.0
E, 5, 0.25, 293.666666667
E-, 5, 0.25, 294.0
C, 5, 0.0, 294.25
B-, 4, 0.25, 294.333333333
F#, 4, 0.25, 294.666666667
E-, 4, 0.25, 295.0
D, 4, 0.25, 295.333333333
C, 4, 0.0, 295.666666667
B-, 3, 0.25, 295.75
G, 3, 0.25, 296.25
C#, 3, 0.25, 296.75
B, 3, 0.25, 297.666666667
G, 3, 0.25, 298.75
D, 3, 11/3, 299.5
C, 2, 1/3, 303.666666667
C#, 2, 0.25, 306.666666667
C, 5, 0.0, 307.666666667
F, 3, 0.0, 308.666666667
F, 6, 0.0, 309.25
G, 5, 0.0, 309.666666667
E, 6, 0.25, 310.0
E-, 6, 0.25, 310.25
F, 5, 0.25, 312.666666667
E, 5, 0.25, 313.666666667
C, 5, 0.25, 314.333333333
C, 5, 0.0, 315.25
A, 4, 0.25, 316.666666667
F, 4, 0.0, 317.5
G, 4, 0.25, 317.666666667
B, 3, 0.333333333333, 318.666666667
D, 3, 0.0, 319.25
C, 5, 0.25, 321.0
B-, 5, 0.25, 323.333333333
D, 5, 0.25, 323.75
B-, 4, 0.25, 326.5
A, 3, 0.333333333333, 327.75
A, 3, 0.25, 331.0
E, 3, 0.25, 332.5
E, 2, 1.0, 334.75
D, 4, 1.0, 335.75
F, 3, 0.25, 336.75
C#, 2, 1.0, 339.0
E-, 3, 1.75, 340.0
B-, 1, 0.25, 343.5
G#, 5, 0.0, 344.333333333
B-, 5, 1/3, 344.75
D, 4, 0.25, 346.5
G, 5, 0.25, 348.333333333
B, 4, 0.0, 350.75
C, 5, 1/3, 351.75
A, 4, 0.25, 352.333333333
C, 4, 0.25, 352.666666667
C, 4, 0.25, 353.0
F, 4, 0.25, 354.333333333
A, 3, 1/3, 355.0
F#, 2, 0.25, 356.666666667
B-, 3, 1.0, 357.0
E-, 6, 0.25, 359.0
D, 6, 0.25, 359.25
B, 5, 0.25, 359.666666667
C#, 6, 0.25, 360.75
F, 5, 0.25, 361.75
C#, 6, 0.25, 362.333333333
B, 5, 0.25, 364.0
D, 5, 0.0, 364.75
B, 5, 0.25, 365.5
G#, 3, 0.25, 366.666666667
A, 5, 0.25, 368.75
C, 5, 0.0, 369.666666667
C#, 6, 0.25, 370.333333333
C#, 3, 0.25, 371.333333333
A, 5, 0.25, 372.5
F, 6, 0.25, 373.333333333
E, 5, 0.0, 375.5
B, 3, 0.25, 376.666666667
F, 5, 0.25, 377.333333333
F, 4, 1/3, 378.666666667
D, 5, 2/3, 379.0
G#, 5, 0.25, 382.75
D, 4, 0.0, 383.666666667
C, 5, 0.25, 384.666666667
B-, 4, 2/3, 385.0
G#, 4, 0.25, 386.0
A, 4, 1/3, 386.333333333
B, 2, 0.0, 387.666666667
C, 2, 0.75, 388.75
C, 6, 0.25, 390.0
D, 6, 0.25, 390.333333333
F, 1, 1/3, 390.666666667
D, 6, 0.75, 393.0
G, 5, 0.25, 399.666666667
G#, 5, 0.25, 400.0
B, 3, 0.666666666667, 402.666666667
B-, 6, 0.0, 405.75
G, 6, 0.25, 406.0
F, 3, 1.25, 406.5
C, 5, 0.25, 408.5
F, 3, 0.0, 409.666666667
E-, 4, 0.0, 412.333333333
B, 1, 0.25, 413.5
E, 4, 0.0, 419.5
B, 2, 0.0, 419.5
C, 3, 0.0, 419.666666667
A, 3, 0.25, 420.0
G, 4, 0.25, 420.333333333
C, 2, 0.0, 420.75
F, 4, 0.25, 420.75
C, 5, 0.25, 423.0
D, 4, 0.25, 423.75
B-, 4, 0.25, 426.333333333
D, 5, 0.5, 428.0
F, 4, 0.25, 428.666666667
D, 5, 1.75, 429.0
A, 6, 0.25, 431.75
B-, 3, 0.0, 434.0
E, 6, 0.75, 434.0
F, 4, 1.0, 436.0
C, 4, 1.25, 437.666666667
E, 7, 0.0, 439.0
F, 5, 0.0, 439.5
F, 3, 0.25, 440.666666667
A, 4, 0.25, 441.0
B, 3, 0.25, 441.666666667
D, 4, 0.25, 442.5
F, 4, 0.25, 443.0
F, 4, 1/3, 443.5
A, 5, 0.25, 444.0
G#, 5, 0.0, 445.0
D, 5, 0.25, 446.0
E, 6, 0.0, 446.333333333
E, 6, 0.0, 448.75
F, 6, 0.25, 448.75
B-, 5, 2/3, 449.0
C, 5, 0.5, 453.25
F, 4, 0.75, 454.0
G, 5, 0.25, 455.0
E, 3, 0.0, 459.75
C, 4, 0.0, 459.75
F, 4, 7/3, 464.0
C, 3, 11/3, 467.666666667
D, 5, 1.0, 471.75
B-, 4, 2/3, 473.0
F, 4, 0.0, 473.75
D, 5, 1.5, 474.0
D, 4, 0.75, 475.666666667
E, 6, 0.25, 478.0
F, 6, 0.25, 478.25
E, 6, 0.25, 478.5
D, 6, 1/3, 479.0
F, 4, 2.25, 479.75
D, 5, 0.5, 482.0
F, 3, 0.0, 484.666666667
F, 5, 0.25, 485.75
G, 5, 1/3, 486.0
E, 3, 0.0, 486.666666667
D, 4, 0.25, 487.666666667
G#, 3, 0.0, 491.75
B, 5, 1/3, 492.0
F, 6, 0.0, 494.666666667
F, 5, 0.25, 510.333333333
F, 5, 0.25, 512.333333333
A, 5, 0.25, 528.0
C#, 5, 1.0, 14.0
D, 5, 0.25, 16.0
D, 5, 3.0, 16.3333333333
E-, 4, 2/3, 22.0
B-, 5, 0.75, 24.0
B, 5, 4/3, 28.6666666667
G#, 3, 0.75, 30.0
C, 5, 1.25, 68.6666666667
E, 4, 1.0, 70.0
E, 5, 0.0, 72.0
E, 5, 1.0, 72.25
E, 4, 1.0, 73.6666666667
D, 4, 5/3, 76.0
C#, 5, 0.25, 78.0
A, 5, 0.5, 78.6666666667
F, 5, 2/3, 80.0
C#, 3, 1.75, 81.6666666667
G, 4, 0.333333333333, 85.0
B-, 4, 0.25, 85.6666666667
F, 5, 1/3, 86.5
F, 3, 5.0, 87.6666666667
E, 5, 0.25, 94.0
F, 5, 0.25, 94.25
E, 5, 0.25, 94.5
D, 5, 0.25, 95.0
E, 5, 0.25, 95.25
D, 5, 0.25, 95.5
A, 3, 0.25, 114.0
E, 5, 0.0, 116.0
C#, 4, 0.25, 116.666666667
C#, 5, 0.0, 118.0
D, 3, 1.0, 118.0
D, 5, 1/3, 121.0
D, 5, 0.5, 123.75
D, 6, 1/3, 133.0
C, 6, 0.25, 133.666666667
A, 5, 0.5, 134.0
F, 5, 0.25, 134.666666667
F, 5, 0.5, 152.0
E, 5, 0.0, 157.0
G#, 3, 0.5, 158.75
B, 4, 0.25, 159.75
G, 5, 0.25, 167.333333333
D, 3, 0.5, 167.666666667
G#, 3, 0.25, 175.333333333
B, 3, 1.0, 190.666666667
B-, 5, 0.25, 193.333333333
B, 5, 0.5, 194.75
G#, 5, 0.25, 198.333333333
C, 6, 0.5, 199.666666667
A, 4, 0.25, 208.333333333
E-, 4, 2.0, 212.0
E-, 6, 0.25, 214.0
E-, 4, 0.5, 214.666666667
B-, 5, 0.0, 230.75
C#, 5, 1/3, 231.0
D, 5, 0.25, 231.666666667
B-, 5, 0.25, 232.0
D, 6, 0.25, 232.25
B-, 5, 0.25, 232.5
F, 5, 1/3, 233.75
D, 4, 1.0, 238.666666667
C#, 5, 0.0, 246.0
D, 3, 4/3, 246.666666667
C, 5, 0.25, 252.0
B-, 4, 0.0, 263.0
E, 4, 0.0, 264.0
F, 4, 1.5, 265.666666667
E, 3, 0.5, 268.666666667
C#, 4, 1.0, 270.0
D, 5, 0.25, 271.666666667
D, 5, 0.75, 272.0
G#, 4, 0.75, 273.75
A, 4, 0.333333333333, 274.5
G, 4, 1.0, 275.666666667
E-, 3, 0.75, 278.666666667
A, 4, 1.25, 279.666666667
F, 4, 2/3, 282.666666667
G, 4, 0.25, 284.75
D, 4, 0.333333333333, 286.25
B, 3, 0.5, 286.75
E, 4, 0.25, 287.5
C, 4, 0.25, 291.666666667
C, 6, 0.0, 293.0
A, 5, 0.25, 293.0
F, 4, 0.25, 294.75
F, 3, 1/3, 296.25
F, 3, 0.25, 300.5
G, 3, 0.25, 300.75
G#, 3, 0.25, 301.0
B-, 3, 0.25, 301.25
B, 3, 0.25, 301.5
C, 4, 0.25, 301.75
C#, 4, 0.0, 302.0
D, 4, 0.25, 302.25
E-, 4, 0.0, 302.5
E, 4, 0.25, 302.75
F, 3, 0.25, 303.666666667
E, 3, 0.0, 306.666666667
B-, 3, 1/3, 327.25
C, 3, 3.0, 327.75
B-, 3, 0.0, 332.5
G, 2, 0.25, 332.5
G, 4, 2/3, 335.0
G#, 5, 0.25, 340.0
F, 6, 0.0, 340.75
F, 2, 2.0, 341.666666667
D, 6, 0.25, 344.75
G#, 5, 0.25, 345.0
F, 5, 0.25, 346.666666667
C, 3, 0.25, 350.75
B, 4, 0.25, 351.75
B-, 3, 0.333333333333, 355.0
E-, 6, 0.25, 363.666666667
B, 3, 0.5, 378.666666667
D, 3, 0.25, 380.666666667
G#, 5, 0.25, 383.666666667
C, 3, 0.25, 387.666666667
C#, 6, 0.25, 390.0
E, 4, 1/3, 402.666666667
E-, 7, 0.25, 405.25
C, 7, 0.0, 405.5
E-, 4, 0.0, 406.5
E-, 6, 0.25, 406.5
G, 5, 0.25, 407.5
D, 3, 1/3, 413.666666667
E, 4, 0.25, 420.5
F#, 6, 0.0, 431.75
A, 6, 0.25, 432.75
G, 5, 2/3, 434.0
A, 3, 0.25, 440.75
E-, 4, 0.25, 442.666666667
A, 4, 0.25, 444.0
C, 6, 0.0, 445.25
A, 5, 0.25, 451.25
E, 5, 0.0, 456.0
A, 4, 1.25, 456.0
A, 4, 2/3, 457.666666667
A, 6, 2/3, 460.666666667
A, 5, 2.0, 464.0
B-, 3, 8/3, 467.666666667
G, 4, 0.25, 470.5
B-, 4, 1/3, 471.0
D, 4, 2.25, 471.75
G#, 4, 0.666666666667, 474.0
D, 4, 0.0, 474.75
G#, 3, 2/3, 475.75
E, 6, 0.25, 479.0
C, 3, 4.0, 479.75
G, 5, 0.25, 486.666666667
F, 6, 1/3, 495.666666667
D, 5, 0.75, 12.6666666667
E, 4, 2/3, 14.0
F, 5, 1.33333333333, 16.0
F, 5, 1.75, 17.6666666667
G, 4, 1/3, 22.0
D, 5, 1.25, 28.6666666667
C, 6, 2/3, 30.0
G, 3, 4.0, 31.5
F, 5, 1.0, 70.0
G, 4, 0.75, 73.6666666667
G, 4, 0.5, 78.0
C#, 5, 0.25, 78.6666666667
B, 3, 1.5, 81.6666666667
D, 5, 0.0, 86.6666666667
D, 5, 0.5, 87.6666666667
F, 4, 0.333333333333, 88.6666666667
F, 4, 1.0, 89.0
B-, 4, 0.5, 90.0
C, 5, 1/3, 91.0
G, 5, 1/3, 92.6666666667
C, 5, 0.25, 94.6666666667
B-, 4, 0.25, 95.6666666667
F, 5, 1/3, 199.666666667
F, 6, 0.25, 212.25
D, 6, 0.25, 212.5
C, 6, 0.25, 212.75
B-, 5, 0.25, 213.0
G#, 5, 0.0, 213.333333333
A, 5, 0.25, 213.5
F#, 6, 0.25, 213.75
C#, 6, 0.5, 231.0
D, 6, 1/3, 231.75
F, 5, 0.25, 232.666666667
C#, 5, 0.25, 233.75
D, 5, 0.333333333333, 234.0
C, 4, 0.25, 238.666666667
C#, 5, 0.666666666667, 239.0
D, 3, 4/3, 271.666666667
B-, 4, 0.25, 274.75
E-, 4, 0.75, 275.666666667
G#, 4, 1.0, 277.666666667
F, 4, 1.0, 279.666666667
B-, 1, 8/3, 296.333333333
E, 4, 1/3, 335.0
G#, 6, 0.333333333333, 340.0
G#, 5, 0.25, 341.666666667
G#, 5, 0.25, 343.666666667
E-, 5, 0.25, 371.5
E, 5, 0.25, 378.75
C#, 3, 1.0, 402.666666667
D, 7, 0.25, 405.333333333
D, 4, 0.0, 430.666666667
B-, 3, 0.5, 434.333333333
E, 4, 0.5, 437.666666667
F, 6, 0.25, 449.0
E, 5, 1.0, 456.5
D, 5, 1.0, 457.75
G, 3, 0.25, 460.75
G, 6, 0.75, 462.0
D, 6, 2.0, 464.0
E-, 4, 2.5, 467.666666667
E-, 4, 0.25, 470.666666667
B-, 4, 0.25, 471.75
B, 4, 0.75, 472.0
D, 5, 0.5, 473.0
C, 3, 0.25, 475.75
C, 6, 0.25, 480.0
D, 6, 0.25, 480.25
C, 6, 0.25, 480.5
E, 5, 2/3, 481.0
C, 5, 0.0, 481.75
A, 4, 3.0, 16.0
B-, 4, 0.25, 20.6666666667
A, 3, 0.5, 22.0
G#, 5, 0.25, 28.6666666667
G#, 5, 1/3, 29.25
D, 5, 0.25, 30.0
C, 5, 3.5, 31.5
E, 5, 0.25, 73.6666666667
E, 5, 0.5, 74.0
G#, 5, 0.25, 82.0
E-, 5, 0.25, 82.5
B, 4, 0.0, 91.0
C, 3, 0.25, 92.6666666667
E-, 6, 0.25, 212.333333333
B, 5, 0.0, 213.666666667
D, 5, 1/3, 238.666666667
A, 4, 2/3, 268.75
F, 5, 1.0, 271.666666667
F, 2, 4/3, 279.666666667
D, 4, 0.25, 402.75
D, 7, 0.75, 437.75
D, 4, 0.25, 460.75
D, 3, 2.66666666667, 464.0
C, 6, 0.25, 467.666666667
C, 6, 0.25, 468.75
B-, 4, 0.25, 470.0
G#, 4, 0.0, 470.666666667
A, 4, 0.0, 471.75
A, 5, 0.25, 480.666666667
A, 4, 0.0, 22.0
D, 6, 0.75, 28.6666666667
F, 5, 1.25, 92.6666666667
D, 3, 2.0, 279.666666667
D, 6, 0.5, 437.75
C, 4, 7/3, 464.0
G#, 3, 1.0, 28.6666666667
G, 3, 1.0, 279.666666667
E, 6, 0.0, 437.75
F, 5, 1.75, 464.0
B-, 5, 0.0, 28.6666666667
